871 2800 2558 4369 4910 1184 2344 1136 3985 1681 
3529 3722 3607 61 3933 2574 221 616 1048 2402 
2033 848 1135 4184 2649 3113 968 343 3213 2466 
2914 4728 2472 2595 923 3045 552 3312 2084 4740 
1275 3537 656 4175 4510 3090 3838 2127 4414 4897 
1108 3261 1388 1400 1657 1236 267 74 2298 556 
4526 2937 1233 3077 1288 3881 1263 2355 4516 425 
4298 630 4074 3277 2566 1328 1245 2642 508 4395 
1917 4839 159 2652 1870 1149 1782 4632 4523 3220 
598 3022 34 594 4729 2953 881 1069 3910 809 
2925 3696 3063 2194 2465 2172 4596 1937 4001 3274 
3151 4749 248 773 1573 2278 456 4935 2094 780 
215 1348 2047 3605 779 291 3971 3991 3352 4289 
608 1415 3966 1804 1154 3890 2295 4251 1053 4164 
3232 1634 3833 4701 3122 4157 4706 4727 3299 3101 
1081 1820 3825 4042 1322 2026 2438 3491 850 1308 
2019 3529 708 4596 4586 1871 531 2096 3924 4747 
4567 3700 3173 1346 3678 3657 879 2690 1043 1316 
1668 1277 3585 17 4940 2607 2513 700 1730 200 
4736 4608 1117 2061 2340 541 3420 3629 4753 1479 
2722 115 2705 3022 1135 4810 4595 2035 1634 4368 
4425 3081 212 2285 1020 2704 1544 2820 869 2403 
402 4354 1551 191 3507 3773 4360 2923 3640 1792 
3468 2248 4357 3262 4678 881 4811 1419 4555 3088 
4813 717 567 3721 455 4353 4631 3889 326 4847 
1351 3349 1594 4073 3104 15 4001 2954 2047 553 
3134 611 4057 2891 2150 3162 1613 1619 3526 3491 
1615 676 4290 275 192 4416 4622 2252 4608 3149 
669 2237 2496 2495 2936 4653 766 2467 1607 425 
702 1988 4727 3918 1973 2711 4255 3238 1489 2337 
